clo <- 23
celo <- 24
